-2.00e+02		2.94e-11
-2.00e+02		8.62e-11
-2.00e+02		1.15e-11
-1.99e+02		2.00e-11
-1.99e+02		1.34e-11
-1.99e+02		1.65e-11
-1.99e+02		3.68e-11
-1.99e+02		3.99e-11
-1.98e+02		1.76e-11
-1.98e+02		1.75e-11
-1.98e+02		1.31e-11
-1.98e+02		3.11e-11
-1.98e+02		4.37e-11
-1.97e+02		3.21e-11
-1.97e+02		3.11e-11
-1.97e+02		7.30e-11
-1.97e+02		9.28e-12
-1.97e+02		1.25e-11
-1.96e+02		1.98e-11
-1.96e+02		3.40e-11
-1.96e+02		7.13e-12
-1.96e+02		1.49e-11
-1.96e+02		6.10e-12
-1.95e+02		4.91e-11
-1.95e+02		4.10e-11
-1.95e+02		1.65e-11
-1.95e+02		1.36e-11
-1.95e+02		5.77e-12
-1.94e+02		3.97e-11
-1.94e+02		1.35e-11
-1.94e+02		9.40e-12
-1.94e+02		2.40e-11
-1.94e+02		6.53e-12
-1.93e+02		1.09e-10
-1.93e+02		9.17e-11
-1.93e+02		2.52e-11
-1.93e+02		1.58e-11
-1.93e+02		1.49e-11
-1.92e+02		2.87e-12
-1.92e+02		1.89e-11
-1.92e+02		1.44e-11
-1.92e+02		9.53e-12
-1.92e+02		4.08e-11
-1.91e+02		1.35e-11
-1.91e+02		2.38e-11
-1.91e+02		2.66e-11
-1.91e+02		1.10e-11
-1.91e+02		1.87e-11
-1.90e+02		5.85e-11
-1.90e+02		1.52e-11
-1.90e+02		1.10e-11
-1.90e+02		2.84e-11
-1.90e+02		4.43e-12
-1.89e+02		1.27e-11
-1.89e+02		1.68e-11
-1.89e+02		4.74e-12
-1.89e+02		1.58e-11
-1.89e+02		2.33e-11
-1.88e+02		8.86e-12
-1.88e+02		2.23e-11
-1.88e+02		1.50e-11
-1.88e+02		2.54e-11
-1.88e+02		1.52e-11
-1.87e+02		1.13e-11
-1.87e+02		2.33e-11
-1.87e+02		3.90e-11
-1.87e+02		1.09e-11
-1.87e+02		3.07e-11
-1.86e+02		7.50e-12
-1.86e+02		9.58e-12
-1.86e+02		4.68e-12
-1.86e+02		1.08e-11
-1.86e+02		6.90e-12
-1.85e+02		1.20e-11
-1.85e+02		6.12e-11
-1.85e+02		2.03e-12
-1.85e+02		7.45e-12
-1.85e+02		3.26e-11
-1.84e+02		2.18e-11
-1.84e+02		4.45e-12
-1.84e+02		1.08e-11
-1.84e+02		8.40e-12
-1.84e+02		5.04e-12
-1.83e+02		2.24e-11
-1.83e+02		1.15e-11
-1.83e+02		6.72e-12
-1.83e+02		2.19e-11
-1.83e+02		1.32e-11
-1.82e+02		2.10e-11
-1.82e+02		1.80e-11
-1.82e+02		1.92e-11
-1.82e+02		1.61e-11
-1.82e+02		3.54e-11
-1.81e+02		5.92e-12
-1.81e+02		1.19e-11
-1.81e+02		4.27e-11
-1.81e+02		4.77e-11
-1.81e+02		4.06e-11
-1.80e+02		1.29e-11
-1.80e+02		1.03e-11
-1.80e+02		2.51e-11
-1.80e+02		1.14e-11
-1.80e+02		1.28e-11
-1.79e+02		5.63e-12
-1.79e+02		2.42e-11
-1.79e+02		4.59e-12
-1.79e+02		2.27e-11
-1.79e+02		2.76e-11
-1.78e+02		1.87e-10
-1.78e+02		2.44e-09
-1.78e+02		1.68e-09
-1.78e+02		3.39e-11
-1.78e+02		8.75e-12
-1.77e+02		9.98e-12
-1.77e+02		2.12e-11
-1.77e+02		1.10e-11
-1.77e+02		2.29e-11
-1.77e+02		1.56e-11
-1.76e+02		7.30e-12
-1.76e+02		2.56e-11
-1.76e+02		1.32e-11
-1.76e+02		3.76e-11
-1.76e+02		5.49e-11
-1.75e+02		2.35e-10
-1.75e+02		1.98e-09
-1.75e+02		5.89e-08
-1.75e+02		8.35e-09
-1.75e+02		2.68e-10
-1.74e+02		6.86e-11
-1.74e+02		1.37e-11
-1.74e+02		1.00e-10
-1.74e+02		5.27e-11
-1.74e+02		3.39e-11
-1.73e+02		9.08e-12
-1.73e+02		1.66e-11
-1.73e+02		1.01e-10
-1.73e+02		1.79e-11
-1.73e+02		1.34e-11
-1.72e+02		2.93e-11
-1.72e+02		2.21e-11
-1.72e+02		5.15e-11
-1.72e+02		3.52e-10
-1.72e+02		1.83e-10
-1.71e+02		5.52e-11
-1.71e+02		2.57e-11
-1.71e+02		2.30e-11
-1.71e+02		1.11e-11
-1.71e+02		1.97e-11
-1.70e+02		1.34e-11
-1.70e+02		3.39e-11
-1.70e+02		1.43e-11
-1.70e+02		2.06e-11
-1.70e+02		9.57e-12
-1.69e+02		1.16e-11
-1.69e+02		1.15e-11
-1.69e+02		6.20e-11
-1.69e+02		1.93e-11
-1.69e+02		8.50e-12
-1.68e+02		1.74e-11
-1.68e+02		1.11e-11
-1.68e+02		2.92e-11
-1.68e+02		2.75e-11
-1.68e+02		7.15e-11
-1.67e+02		6.00e-12
-1.67e+02		1.26e-11
-1.67e+02		8.24e-12
-1.67e+02		1.22e-11
-1.67e+02		1.46e-11
-1.66e+02		1.67e-11
-1.66e+02		4.91e-11
-1.66e+02		1.35e-11
-1.66e+02		2.08e-11
-1.66e+02		8.83e-12
-1.65e+02		1.35e-10
-1.65e+02		6.11e-11
-1.65e+02		7.67e-12
-1.65e+02		3.82e-11
-1.65e+02		1.01e-11
-1.64e+02		2.65e-12
-1.64e+02		1.90e-11
-1.64e+02		1.33e-10
-1.64e+02		1.32e-11
-1.64e+02		3.00e-11
-1.63e+02		7.13e-12
-1.63e+02		4.69e-11
-1.63e+02		3.13e-11
-1.63e+02		3.35e-11
-1.63e+02		1.47e-11
-1.62e+02		9.27e-11
-1.62e+02		2.77e-11
-1.62e+02		1.98e-11
-1.62e+02		2.14e-11
-1.62e+02		5.32e-11
-1.61e+02		3.59e-10
-1.61e+02		5.31e-10
-1.61e+02		2.26e-09
-1.61e+02		4.37e-09
-1.61e+02		4.39e-09
-1.60e+02		8.74e-10
-1.60e+02		1.88e-10
-1.60e+02		1.39e-10
-1.60e+02		4.78e-11
-1.60e+02		4.42e-11
-1.59e+02		4.24e-11
-1.59e+02		3.94e-11
-1.59e+02		4.10e-11
-1.59e+02		5.24e-11
-1.59e+02		1.04e-11
-1.58e+02		1.05e-10
-1.58e+02		3.34e-11
-1.58e+02		1.25e-11
-1.58e+02		9.94e-12
-1.58e+02		8.54e-12
-1.57e+02		1.65e-10
-1.57e+02		6.82e-11
-1.57e+02		2.26e-11
-1.57e+02		6.29e-11
-1.57e+02		1.19e-11
-1.56e+02		4.75e-11
-1.56e+02		6.71e-12
-1.56e+02		3.57e-11
-1.56e+02		1.94e-11
-1.56e+02		2.78e-11
-1.55e+02		9.94e-13
-1.55e+02		8.39e-12
-1.55e+02		3.17e-12
-1.55e+02		1.23e-12
-1.54e+02		1.61e-11
-1.54e+02		1.14e-11
-1.54e+02		7.12e-12
-1.54e+02		1.85e-11
-1.54e+02		5.44e-12
-1.53e+02		1.23e-11
-1.53e+02		2.16e-11
-1.53e+02		1.25e-11
-1.53e+02		1.40e-11
-1.53e+02		3.36e-11
-1.52e+02		1.07e-11
-1.52e+02		3.45e-11
-1.52e+02		1.16e-11
-1.52e+02		7.28e-11
-1.52e+02		1.07e-10
-1.51e+02		1.36e-11
-1.51e+02		2.89e-11
-1.51e+02		2.29e-11
-1.51e+02		1.79e-11
-1.51e+02		2.10e-11
-1.50e+02		2.62e-11
-1.50e+02		1.52e-11
-1.50e+02		9.99e-12
-1.50e+02		1.19e-11
-1.50e+02		1.53e-11
-1.49e+02		1.28e-11
-1.49e+02		1.35e-11
-1.49e+02		1.90e-11
-1.49e+02		3.03e-11
-1.49e+02		7.30e-11
-1.48e+02		1.46e-11
-1.48e+02		6.30e-12
-1.48e+02		1.46e-11
-1.48e+02		5.22e-12
-1.48e+02		3.46e-11
-1.47e+02		1.07e-11
-1.47e+02		4.33e-11
-1.47e+02		2.06e-11
-1.47e+02		7.99e-11
-1.47e+02		1.87e-11
-1.46e+02		1.95e-11
-1.46e+02		2.29e-11
-1.46e+02		8.85e-12
-1.46e+02		1.13e-11
-1.46e+02		8.64e-12
-1.45e+02		2.64e-12
-1.45e+02		1.73e-11
-1.45e+02		2.63e-11
-1.45e+02		4.17e-11
-1.45e+02		1.43e-11
-1.44e+02		1.02e-11
-1.44e+02		2.37e-11
-1.44e+02		1.16e-11
-1.44e+02		1.20e-11
-1.44e+02		1.58e-11
-1.43e+02		3.46e-11
-1.43e+02		2.12e-11
-1.43e+02		2.05e-11
-1.43e+02		2.03e-11
-1.43e+02		1.46e-11
-1.42e+02		5.17e-12
-1.42e+02		7.11e-12
-1.42e+02		1.89e-11
-1.42e+02		9.22e-12
-1.42e+02		2.07e-11
-1.41e+02		2.28e-11
-1.41e+02		1.65e-11
-1.41e+02		8.74e-12
-1.41e+02		4.57e-11
-1.41e+02		9.26e-12
-1.40e+02		6.57e-11
-1.40e+02		3.17e-11
-1.40e+02		2.60e-11
-1.40e+02		1.71e-11
-1.40e+02		6.16e-11
-1.39e+02		6.70e-11
-1.39e+02		4.06e-12
-1.39e+02		1.22e-11
-1.39e+02		1.41e-11
-1.39e+02		4.83e-12
-1.38e+02		6.00e-11
-1.38e+02		1.02e-10
-1.38e+02		1.56e-11
-1.38e+02		6.23e-12
-1.38e+02		5.01e-12
-1.37e+02		1.59e-11
-1.37e+02		1.34e-11
-1.37e+02		1.12e-11
-1.37e+02		2.25e-11
-1.37e+02		1.52e-11
-1.36e+02		5.91e-12
-1.36e+02		5.13e-12
-1.36e+02		6.53e-12
-1.36e+02		1.11e-10
-1.36e+02		2.35e-11
-1.35e+02		7.29e-12
-1.35e+02		1.13e-11
-1.35e+02		4.77e-11
-1.35e+02		2.26e-11
-1.35e+02		1.54e-11
-1.34e+02		7.72e-12
-1.34e+02		3.41e-11
-1.34e+02		1.18e-11
-1.34e+02		6.85e-12
-1.34e+02		1.42e-11
-1.33e+02		1.42e-11
-1.33e+02		1.13e-11
-1.33e+02		1.04e-11
-1.33e+02		2.10e-11
-1.33e+02		1.90e-11
-1.32e+02		1.70e-11
-1.32e+02		3.06e-11
-1.32e+02		2.62e-11
-1.32e+02		1.23e-11
-1.32e+02		9.69e-12
-1.31e+02		1.12e-11
-1.31e+02		1.77e-11
-1.31e+02		1.98e-11
-1.31e+02		3.75e-11
-1.31e+02		1.11e-11
-1.30e+02		2.26e-11
-1.30e+02		2.67e-11
-1.30e+02		6.21e-12
-1.30e+02		9.98e-12
-1.30e+02		7.44e-11
-1.29e+02		9.87e-12
-1.29e+02		9.23e-12
-1.29e+02		4.03e-11
-1.29e+02		8.31e-12
-1.29e+02		1.52e-11
-1.28e+02		1.36e-11
-1.28e+02		2.22e-11
-1.28e+02		1.38e-11
-1.28e+02		1.09e-11
-1.28e+02		6.54e-11
-1.27e+02		2.77e-11
-1.27e+02		2.09e-11
-1.27e+02		1.21e-11
-1.27e+02		2.20e-11
-1.27e+02		1.65e-11
-1.26e+02		1.26e-11
-1.26e+02		8.44e-12
-1.26e+02		2.43e-11
-1.26e+02		2.11e-11
-1.26e+02		5.57e-11
-1.25e+02		3.73e-11
-1.25e+02		4.11e-11
-1.25e+02		6.86e-12
-1.25e+02		1.46e-11
-1.25e+02		2.35e-11
-1.24e+02		1.17e-11
-1.24e+02		1.86e-11
-1.24e+02		9.13e-12
-1.24e+02		1.54e-11
-1.24e+02		7.57e-12
-1.23e+02		2.31e-11
-1.23e+02		9.92e-12
-1.23e+02		1.69e-11
-1.23e+02		5.22e-12
-1.23e+02		1.44e-10
-1.22e+02		2.24e-11
-1.22e+02		4.40e-11
-1.22e+02		7.65e-12
-1.22e+02		9.95e-11
-1.22e+02		4.96e-11
-1.21e+02		2.91e-11
-1.21e+02		2.40e-11
-1.21e+02		4.85e-11
-1.21e+02		4.67e-11
-1.21e+02		4.50e-11
-1.20e+02		7.29e-11
-1.20e+02		7.92e-12
-1.20e+02		3.99e-11
-1.20e+02		1.91e-11
-1.20e+02		5.55e-12
-1.19e+02		5.50e-11
-1.19e+02		1.66e-11
-1.19e+02		5.63e-11
-1.19e+02		8.74e-12
-1.19e+02		1.80e-11
-1.18e+02		8.82e-12
-1.18e+02		9.47e-11
-1.18e+02		3.23e-11
-1.18e+02		7.09e-11
-1.18e+02		2.71e-11
-1.17e+02		2.38e-11
-1.17e+02		4.43e-12
-1.17e+02		5.13e-11
-1.17e+02		1.11e-11
-1.17e+02		2.59e-11
-1.16e+02		1.02e-11
-1.16e+02		3.33e-11
-1.16e+02		1.38e-11
-1.16e+02		2.62e-11
-1.16e+02		4.82e-11
-1.15e+02		2.16e-11
-1.15e+02		2.12e-11
-1.15e+02		1.20e-11
-1.15e+02		1.22e-11
-1.15e+02		8.64e-12
-1.14e+02		3.95e-11
-1.14e+02		2.69e-11
-1.14e+02		4.34e-11
-1.14e+02		1.31e-11
-1.14e+02		1.36e-11
-1.13e+02		1.43e-10
-1.13e+02		1.33e-10
-1.13e+02		3.47e-11
-1.13e+02		2.73e-11
-1.13e+02		2.59e-10
-1.12e+02		1.16e-10
-1.12e+02		2.36e-11
-1.12e+02		4.81e-11
-1.12e+02		5.49e-11
-1.12e+02		3.77e-11
-1.11e+02		4.74e-11
-1.11e+02		1.09e-10
-1.11e+02		5.54e-11
-1.11e+02		3.28e-11
-1.11e+02		1.93e-11
-1.10e+02		5.98e-11
-1.10e+02		2.94e-11
-1.10e+02		4.06e-11
-1.10e+02		4.53e-11
-1.10e+02		1.40e-10
-1.09e+02		4.46e-11
-1.09e+02		4.03e-11
-1.09e+02		4.05e-11
-1.09e+02		3.95e-11
-1.09e+02		3.59e-11
-1.08e+02		2.29e-11
-1.08e+02		2.32e-11
-1.08e+02		2.99e-11
-1.08e+02		3.39e-11
-1.08e+02		2.69e-11
-1.07e+02		3.70e-11
-1.07e+02		4.06e-11
-1.07e+02		2.12e-11
-1.07e+02		4.23e-11
-1.07e+02		3.38e-11
-1.06e+02		5.44e-11
-1.06e+02		1.04e-11
-1.06e+02		3.10e-11
-1.06e+02		4.58e-11
-1.06e+02		5.17e-11
-1.05e+02		2.80e-11
-1.05e+02		3.63e-11
-1.05e+02		2.72e-10
-1.05e+02		2.15e-11
-1.05e+02		9.92e-11
-1.04e+02		3.31e-11
-1.04e+02		1.15e-11
-1.04e+02		3.27e-11
-1.04e+02		1.28e-10
-1.04e+02		4.96e-11
-1.03e+02		1.14e-10
-1.03e+02		4.47e-11
-1.03e+02		5.09e-11
-1.03e+02		2.94e-11
-1.03e+02		2.04e-10
-1.02e+02		5.44e-11
-1.02e+02		4.73e-11
-1.02e+02		6.28e-11
-1.02e+02		5.66e-11
-1.02e+02		1.67e-11
-1.01e+02		1.32e-10
-1.01e+02		3.63e-11
-1.01e+02		1.85e-11
-1.01e+02		4.27e-11
-1.01e+02		2.50e-11
-1.00e+02		3.59e-11
-1.00e+02		1.44e-11
-1.00e+02		2.08e-11
-9.98e+01		1.69e-11
-9.96e+01		3.01e-11
-9.94e+01		3.32e-11
-9.92e+01		2.66e-11
-9.90e+01		1.75e-10
-9.88e+01		1.03e-10
-9.86e+01		4.79e-11
-9.84e+01		2.34e-11
-9.82e+01		4.23e-11
-9.80e+01		7.93e-11
-9.78e+01		8.30e-11
-9.76e+01		3.60e-11
-9.74e+01		1.68e-10
-9.72e+01		9.02e-11
-9.70e+01		3.67e-11
-9.68e+01		1.15e-10
-9.66e+01		1.09e-10
-9.64e+01		9.15e-11
-9.62e+01		2.29e-11
-9.60e+01		1.02e-10
-9.58e+01		2.47e-11
-9.56e+01		2.33e-11
-9.54e+01		3.40e-11
-9.52e+01		1.67e-11
-9.50e+01		2.95e-11
-9.48e+01		8.09e-11
-9.46e+01		3.27e-11
-9.44e+01		1.43e-10
-9.42e+01		1.95e-11
-9.40e+01		9.36e-11
-9.38e+01		2.32e-11
-9.36e+01		4.70e-11
-9.34e+01		2.51e-11
-9.32e+01		1.33e-10
-9.30e+01		4.95e-11
-9.28e+01		2.28e-11
-9.26e+01		1.15e-10
-9.24e+01		6.63e-11
-9.22e+01		7.31e-11
-9.20e+01		1.28e-10
-9.18e+01		9.30e-11
-9.16e+01		2.88e-11
-9.14e+01		1.50e-10
-9.12e+01		8.14e-11
-9.10e+01		5.90e-11
-9.08e+01		1.27e-10
-9.06e+01		1.90e-11
-9.04e+01		7.28e-11
-9.02e+01		1.50e-11
-9.00e+01		3.28e-11
-8.98e+01		3.23e-11
-8.96e+01		1.66e-11
-8.94e+01		1.30e-10
-8.92e+01		3.96e-11
-8.90e+01		3.40e-11
-8.88e+01		4.03e-11
-8.86e+01		2.70e-11
-8.84e+01		1.80e-10
-8.82e+01		4.84e-11
-8.80e+01		9.36e-11
-8.78e+01		6.45e-11
-8.76e+01		7.94e-11
-8.74e+01		1.02e-10
-8.72e+01		4.99e-11
-8.70e+01		3.00e-11
-8.68e+01		3.51e-11
-8.66e+01		6.54e-11
-8.64e+01		3.82e-11
-8.62e+01		3.31e-11
-8.60e+01		7.68e-11
-8.58e+01		1.85e-10
-8.56e+01		4.12e-11
-8.54e+01		1.72e-10
-8.52e+01		2.31e-11
-8.50e+01		7.04e-11
-8.48e+01		4.89e-11
-8.46e+01		7.72e-11
-8.44e+01		7.99e-11
-8.42e+01		9.08e-11
-8.40e+01		2.37e-11
-8.38e+01		1.36e-10
-8.36e+01		3.62e-11
-8.34e+01		3.17e-11
-8.32e+01		7.25e-11
-8.30e+01		6.38e-11
-8.28e+01		1.14e-10
-8.26e+01		8.05e-11
-8.24e+01		2.20e-11
-8.22e+01		6.67e-11
-8.20e+01		4.46e-11
-8.18e+01		5.46e-11
-8.16e+01		4.76e-11
-8.14e+01		2.33e-11
-8.12e+01		4.05e-11
-8.10e+01		3.01e-11
-8.08e+01		1.23e-10
-8.06e+01		1.07e-10
-8.04e+01		3.52e-11
-8.02e+01		8.28e-11
-8.00e+01		5.07e-11
-7.98e+01		4.37e-11
-7.96e+01		4.66e-11
-7.94e+01		2.00e-11
-7.92e+01		8.33e-11
-7.90e+01		8.93e-11
-7.88e+01		4.62e-11
-7.86e+01		5.24e-11
-7.84e+01		2.99e-11
-7.82e+01		1.31e-10
-7.80e+01		3.01e-11
-7.78e+01		3.37e-11
-7.76e+01		9.00e-11
-7.74e+01		3.30e-11
-7.72e+01		9.38e-11
-7.70e+01		4.13e-11
-7.68e+01		4.41e-11
-7.66e+01		6.73e-11
-7.64e+01		3.81e-11
-7.62e+01		5.18e-11
-7.60e+01		1.45e-10
-7.58e+01		7.01e-11
-7.56e+01		5.96e-11
-7.54e+01		5.31e-11
-7.52e+01		1.24e-10
-7.50e+01		1.02e-10
-7.48e+01		7.59e-11
-7.46e+01		1.03e-10
-7.44e+01		4.95e-11
-7.42e+01		1.90e-10
-7.40e+01		7.99e-11
-7.38e+01		7.92e-11
-7.36e+01		3.46e-11
-7.34e+01		1.05e-10
-7.32e+01		6.85e-11
-7.30e+01		1.04e-10
-7.28e+01		4.00e-11
-7.26e+01		7.18e-11
-7.24e+01		2.42e-11
-7.22e+01		1.38e-10
-7.20e+01		7.72e-11
-7.18e+01		5.61e-11
-7.16e+01		4.25e-11
-7.14e+01		1.04e-10
-7.12e+01		4.83e-11
-7.10e+01		5.97e-11
-7.08e+01		1.48e-10
-7.06e+01		6.60e-11
-7.04e+01		6.59e-11
-7.02e+01		7.46e-11
-7.00e+01		9.70e-11
-6.98e+01		5.90e-11
-6.96e+01		7.02e-11
-6.94e+01		1.88e-10
-6.92e+01		5.20e-11
-6.90e+01		2.61e-10
-6.88e+01		7.79e-11
-6.86e+01		1.64e-10
-6.84e+01		1.27e-10
-6.82e+01		1.50e-10
-6.80e+01		1.25e-10
-6.78e+01		1.24e-10
-6.76e+01		1.36e-10
-6.74e+01		8.80e-11
-6.72e+01		1.93e-11
-6.70e+01		2.00e-10
-6.68e+01		4.00e-11
-6.66e+01		4.01e-11
-6.64e+01		6.48e-11
-6.62e+01		1.06e-10
-6.60e+01		4.47e-11
-6.58e+01		3.40e-11
-6.56e+01		1.01e-10
-6.54e+01		1.09e-10
-6.52e+01		4.77e-11
-6.50e+01		8.29e-11
-6.48e+01		6.27e-11
-6.46e+01		1.32e-10
-6.44e+01		9.91e-11
-6.42e+01		1.02e-10
-6.40e+01		4.35e-11
-6.38e+01		2.73e-11
-6.36e+01		1.34e-10
-6.34e+01		1.05e-10
-6.32e+01		1.03e-10
-6.30e+01		8.35e-11
-6.28e+01		1.25e-10
-6.26e+01		1.85e-10
-6.24e+01		1.26e-10
-6.22e+01		1.04e-10
-6.20e+01		1.44e-10
-6.18e+01		9.64e-11
-6.16e+01		8.69e-11
-6.14e+01		6.94e-11
-6.12e+01		5.71e-11
-6.10e+01		8.29e-11
-6.08e+01		1.08e-10
-6.06e+01		1.49e-10
-6.04e+01		1.46e-10
-6.02e+01		1.07e-10
-6.00e+01		9.01e-11
-5.98e+01		1.45e-10
-5.96e+01		6.16e-11
-5.94e+01		1.45e-10
-5.92e+01		3.12e-10
-5.90e+01		2.11e-10
-5.88e+01		1.07e-10
-5.86e+01		9.70e-11
-5.84e+01		1.76e-10
-5.82e+01		1.02e-10
-5.80e+01		1.10e-10
-5.78e+01		1.31e-10
-5.76e+01		4.42e-10
-5.74e+01		9.85e-11
-5.72e+01		7.83e-11
-5.70e+01		8.54e-11
-5.68e+01		2.72e-11
-5.66e+01		3.47e-11
-5.64e+01		9.88e-11
-5.62e+01		6.06e-11
-5.60e+01		8.27e-11
-5.58e+01		6.97e-11
-5.56e+01		1.20e-10
-5.54e+01		8.24e-11
-5.52e+01		5.88e-11
-5.50e+01		7.71e-11
-5.48e+01		7.20e-11
-5.46e+01		7.04e-11
-5.44e+01		3.33e-11
-5.42e+01		9.83e-11
-5.40e+01		1.17e-10
-5.38e+01		7.03e-11
-5.36e+01		7.54e-11
-5.34e+01		1.34e-10
-5.32e+01		1.24e-10
-5.30e+01		8.41e-11
-5.28e+01		6.97e-11
-5.26e+01		1.31e-10
-5.24e+01		9.83e-11
-5.22e+01		6.81e-11
-5.20e+01		1.22e-10
-5.18e+01		9.46e-11
-5.16e+01		1.50e-10
-5.14e+01		2.33e-10
-5.12e+01		2.23e-10
-5.10e+01		2.04e-10
-5.08e+01		1.44e-10
-5.06e+01		8.88e-11
-5.04e+01		1.64e-10
-5.02e+01		1.31e-10
-5.00e+01		4.76e-11
-4.98e+01		1.39e-10
-4.96e+01		1.64e-10
-4.94e+01		5.06e-11
-4.92e+01		7.75e-11
-4.90e+01		1.79e-10
-4.88e+01		9.27e-11
-4.86e+01		1.26e-10
-4.84e+01		1.78e-10
-4.82e+01		8.67e-11
-4.80e+01		1.37e-10
-4.78e+01		1.00e-10
-4.76e+01		2.75e-10
-4.74e+01		2.11e-10
-4.72e+01		3.26e-10
-4.70e+01		1.83e-10
-4.68e+01		1.54e-10
-4.66e+01		1.56e-10
-4.64e+01		8.66e-11
-4.62e+01		2.25e-10
-4.60e+01		1.96e-10
-4.58e+01		1.09e-10
-4.56e+01		2.26e-10
-4.54e+01		4.04e-10
-4.52e+01		5.15e-10
-4.50e+01		3.53e-10
-4.48e+01		3.13e-10
-4.46e+01		1.40e-10
-4.44e+01		2.74e-10
-4.42e+01		1.88e-10
-4.40e+01		2.23e-10
-4.38e+01		2.51e-10
-4.36e+01		1.22e-10
-4.34e+01		6.14e-11
-4.32e+01		1.56e-10
-4.30e+01		1.13e-10
-4.28e+01		9.12e-11
-4.26e+01		1.77e-10
-4.24e+01		3.18e-10
-4.22e+01		2.38e-10
-4.20e+01		1.87e-10
-4.18e+01		1.42e-10
-4.16e+01		2.61e-10
-4.14e+01		1.15e-10
-4.12e+01		2.19e-10
-4.10e+01		2.59e-10
-4.08e+01		3.57e-10
-4.06e+01		2.43e-10
-4.04e+01		2.29e-10
-4.02e+01		8.54e-11
-4.00e+01		2.12e-10
-3.98e+01		1.52e-10
-3.96e+01		2.71e-10
-3.94e+01		4.04e-10
-3.92e+01		3.10e-10
-3.90e+01		1.20e-10
-3.88e+01		4.64e-10
-3.86e+01		6.74e-10
-3.84e+01		5.40e-10
-3.82e+01		1.81e-10
-3.80e+01		1.11e-10
-3.78e+01		1.36e-10
-3.76e+01		2.42e-10
-3.74e+01		2.83e-10
-3.72e+01		2.77e-10
-3.70e+01		3.94e-10
-3.68e+01		1.56e-10
-3.66e+01		4.10e-10
-3.64e+01		3.93e-10
-3.62e+01		2.06e-10
-3.60e+01		1.78e-10
-3.58e+01		3.58e-10
-3.56e+01		2.26e-10
-3.54e+01		2.91e-10
-3.52e+01		2.12e-10
-3.50e+01		4.08e-10
-3.48e+01		8.70e-10
-3.46e+01		3.41e-10
-3.44e+01		7.50e-10
-3.42e+01		6.21e-10
-3.40e+01		1.94e-10
-3.38e+01		7.33e-11
-3.36e+01		2.21e-10
-3.34e+01		2.52e-10
-3.32e+01		1.03e-09
-3.30e+01		3.04e-10
-3.28e+01		2.49e-10
-3.26e+01		1.83e-09
-3.24e+01		3.99e-09
-3.22e+01		2.18e-09
-3.20e+01		9.96e-10
-3.18e+01		8.37e-10
-3.16e+01		3.59e-10
-3.14e+01		3.83e-10
-3.12e+01		2.17e-10
-3.10e+01		5.84e-10
-3.08e+01		1.32e-09
-3.06e+01		3.99e-10
-3.04e+01		2.91e-10
-3.02e+01		2.44e-10
-3.00e+01		6.72e-10
-2.98e+01		5.77e-10
-2.96e+01		1.12e-09
-2.94e+01		2.29e-10
-2.92e+01		6.23e-10
-2.90e+01		8.48e-10
-2.88e+01		6.37e-10
-2.86e+01		9.42e-10
-2.84e+01		1.41e-09
-2.82e+01		1.31e-09
-2.80e+01		3.83e-10
-2.78e+01		6.34e-10
-2.76e+01		5.18e-10
-2.74e+01		4.32e-10
-2.72e+01		8.26e-10
-2.70e+01		6.54e-10
-2.68e+01		1.60e-09
-2.66e+01		1.17e-09
-2.64e+01		1.65e-09
-2.62e+01		1.63e-08
-2.60e+01		1.43e-09
-2.58e+01		3.66e-09
-2.56e+01		7.63e-10
-2.54e+01		1.68e-09
-2.52e+01		1.39e-09
-2.50e+01		9.66e-10
-2.48e+01		1.49e-09
-2.46e+01		3.38e-10
-2.44e+01		4.03e-10
-2.42e+01		3.48e-10
-2.40e+01		2.31e-09
-2.38e+01		3.25e-09
-2.36e+01		4.43e-10
-2.34e+01		4.56e-10
-2.32e+01		2.58e-09
-2.30e+01		1.00e-09
-2.28e+01		2.33e-09
-2.26e+01		2.55e-09
-2.24e+01		6.78e-10
-2.22e+01		7.23e-10
-2.20e+01		7.92e-10
-2.18e+01		8.70e-10
-2.16e+01		3.87e-10
-2.14e+01		7.73e-10
-2.12e+01		6.09e-10
-2.10e+01		2.95e-09
-2.08e+01		1.42e-09
-2.06e+01		2.44e-09
-2.04e+01		9.59e-10
-2.02e+01		3.28e-09
-2.00e+01		6.64e-10
-1.98e+01		5.95e-10
-1.96e+01		1.59e-09
-1.94e+01		2.34e-09
-1.92e+01		1.57e-09
-1.90e+01		1.40e-09
-1.88e+01		5.86e-10
-1.86e+01		9.15e-10
-1.84e+01		4.94e-09
-1.82e+01		2.41e-09
-1.80e+01		1.68e-09
-1.78e+01		1.06e-09
-1.76e+01		5.80e-09
-1.74e+01		1.81e-09
-1.72e+01		8.29e-10
-1.70e+01		1.77e-09
-1.68e+01		4.37e-09
-1.66e+01		2.29e-09
-1.64e+01		2.08e-09
-1.62e+01		7.01e-09
-1.60e+01		3.25e-09
-1.58e+01		7.67e-09
-1.56e+01		7.98e-09
-1.54e+01		1.10e-08
-1.52e+01		3.64e-09
-1.50e+01		4.70e-09
-1.48e+01		4.71e-09
-1.46e+01		1.51e-08
-1.44e+01		3.73e-09
-1.42e+01		2.39e-09
-1.40e+01		2.38e-09
-1.38e+01		3.58e-09
-1.36e+01		1.43e-09
-1.34e+01		1.78e-09
-1.32e+01		7.38e-09
-1.30e+01		7.93e-09
-1.28e+01		9.70e-09
-1.26e+01		1.01e-08
-1.24e+01		1.08e-08
-1.22e+01		1.69e-08
-1.20e+01		3.17e-09
-1.18e+01		5.63e-09
-1.16e+01		1.78e-08
-1.14e+01		2.20e-08
-1.12e+01		2.54e-08
-1.10e+01		7.04e-07
-1.08e+01		4.12e-07
-1.06e+01		6.04e-08
-1.04e+01		4.81e-08
-1.02e+01		5.51e-08
-1.00e+01		1.08e-07
-9.80e+00		1.23e-08
-9.60e+00		1.94e-08
-9.40e+00		1.36e-07
-9.20e+00		1.90e-07
-9.00e+00		5.42e-08
-8.80e+00		7.87e-08
-8.60e+00		4.10e-08
-8.40e+00		9.87e-08
-8.20e+00		7.69e-07
-8.00e+00		4.00e-07
-7.80e+00		8.23e-07
-7.60e+00		1.48e-07
-7.40e+00		8.57e-08
-7.20e+00		6.40e-08
-7.00e+00		1.13e-07
-6.80e+00		1.13e-07
-6.60e+00		1.60e-07
-6.40e+00		2.13e-07
-6.20e+00		4.14e-07
-6.00e+00		5.83e-08
-5.80e+00		6.66e-08
-5.60e+00		5.36e-08
-5.40e+00		9.77e-08
-5.20e+00		6.58e-08
-5.00e+00		4.19e-07
-4.80e+00		2.34e-07
-4.60e+00		2.03e-07
-4.40e+00		5.99e-08
-4.20e+00		1.17e-07
-4.00e+00		1.56e-07
-3.80e+00		1.92e-07
-3.60e+00		1.25e-07
-3.40e+00		2.72e-07
-3.20e+00		1.93e-07
-3.00e+00		6.89e-07
-2.80e+00		4.11e-07
-2.60e+00		4.04e-07
-2.40e+00		7.03e-07
-2.20e+00		4.48e-07
-2.00e+00		2.50e-07
-1.80e+00		4.17e-07
-1.60e+00		4.25e-07
-1.40e+00		1.67e-06
-1.20e+00		3.03e-06
-1.00e+00		5.27e-06
-9.80e-01		5.07e-06
-9.60e-01		4.06e-06
-9.40e-01		3.32e-06
-9.20e-01		3.07e-06
-9.00e-01		2.70e-06
-8.80e-01		2.84e-06
-8.60e-01		3.17e-06
-8.40e-01		3.43e-06
-8.20e-01		4.33e-06
-8.00e-01		5.78e-06
-7.80e-01		2.22e-05
-7.60e-01		3.11e-05
-7.40e-01		3.21e-05
-7.20e-01		3.38e-05
-7.00e-01		4.69e-05
-6.80e-01		4.81e-05
-6.60e-01		6.00e-05
-6.40e-01		7.16e-05
-6.20e-01		7.29e-05
-6.00e-01		7.52e-05
-5.80e-01		7.38e-05
-5.60e-01		8.50e-05
-5.40e-01		8.92e-05
-5.20e-01		1.09e-04
-5.00e-01		1.56e-04
-4.80e-01		1.88e-04
-4.60e-01		2.57e-04
-4.40e-01		2.98e-04
-4.20e-01		4.23e-04
-4.00e-01		5.87e-04
-3.80e-01		8.16e-04
-3.60e-01		1.05e-03
-3.40e-01		1.30e-03
-3.20e-01		1.63e-03
-3.00e-01		2.29e-03
-2.80e-01		3.31e-03
-2.60e-01		4.85e-03
-2.40e-01		6.65e-03
-2.20e-01		9.45e-03
-2.00e-01		1.11e-02
-1.80e-01		2.97e-02
-1.60e-01		6.51e-02
-1.40e-01		7.11e-02
-1.20e-01		1.22e-01
-1.00e-01		1.62e-01
-8.00e-02		2.66e-01
-6.00e-02		4.60e-01
-4.00e-02		5.96e-01
-2.00e-02		8.71e-01
0.00e+00		1.00e+00
2.00e-02		9.76e-01
4.00e-02		6.98e-01
6.00e-02		6.66e-01
8.00e-02		4.32e-01
1.00e-01		3.14e-01
1.20e-01		1.98e-01
1.40e-01		1.25e-01
1.60e-01		9.34e-02
1.80e-01		4.90e-02
2.00e-01		3.02e-02
2.20e-01		2.08e-02
2.40e-01		1.06e-02
2.60e-01		6.84e-03
2.80e-01		5.12e-03
3.00e-01		3.89e-03
3.20e-01		3.47e-03
3.40e-01		2.17e-03
3.60e-01		2.06e-03
3.80e-01		1.40e-03
4.00e-01		1.30e-03
4.20e-01		9.86e-04
4.40e-01		4.07e-04
4.60e-01		3.44e-04
4.80e-01		2.97e-04
5.00e-01		2.57e-04
5.20e-01		2.96e-04
5.40e-01		5.73e-04
5.60e-01		1.87e-04
5.80e-01		1.27e-04
6.00e-01		3.04e-04
6.20e-01		1.91e-04
6.40e-01		9.33e-05
6.60e-01		9.24e-05
6.80e-01		3.20e-05
7.00e-01		3.44e-05
7.20e-01		3.02e-05
7.40e-01		2.46e-05
7.60e-01		1.88e-05
7.80e-01		1.57e-05
8.00e-01		1.28e-05
8.20e-01		1.32e-05
8.40e-01		1.31e-05
8.60e-01		1.41e-05
8.80e-01		1.76e-05
9.00e-01		2.01e-05
9.20e-01		3.18e-05
9.40e-01		4.05e-05
9.60e-01		4.36e-05
9.80e-01		3.49e-05
1.00e+00		2.92e-05
1.00e+00		2.76e-05
1.50e+00		6.94e-06
2.00e+00		4.51e-06
2.50e+00		7.91e-07
3.00e+00		5.36e-06
3.50e+00		1.44e-06
4.00e+00		1.52e-06
4.50e+00		3.47e-07
5.00e+00		2.57e-07
5.50e+00		4.91e-08
6.00e+00		8.71e-08
6.50e+00		4.26e-07
7.00e+00		9.24e-08
7.50e+00		1.11e-07
8.00e+00		2.73e-07
8.50e+00		1.69e-07
9.00e+00		2.74e-07
9.50e+00		1.67e-06
1.00e+01		1.07e-07
1.05e+01		2.85e-08
1.10e+01		4.93e-05
1.15e+01		3.21e-08
1.20e+01		7.46e-08
1.25e+01		2.84e-07
1.30e+01		2.30e-07
1.35e+01		1.43e-07
1.40e+01		2.36e-07
1.45e+01		3.11e-08
1.50e+01		3.37e-07
1.55e+01		1.63e-07
1.60e+01		1.65e-07
1.65e+01		1.72e-07
1.70e+01		1.51e-07
1.75e+01		3.37e-07
1.80e+01		1.35e-07
1.85e+01		2.76e-07
1.90e+01		1.03e-07
1.95e+01		9.03e-08
2.00e+01		1.14e-07
2.05e+01		1.51e-07
2.10e+01		4.78e-08
2.15e+01		2.41e-07
2.20e+01		1.41e-08
2.25e+01		9.20e-08
2.30e+01		9.69e-09
2.35e+01		4.54e-08
2.40e+01		1.13e-08
2.45e+01		1.46e-08
2.50e+01		5.12e-09
2.55e+01		1.02e-08
2.60e+01		6.55e-08
2.65e+01		3.86e-08
2.70e+01		8.17e-09
2.75e+01		5.93e-08
2.80e+01		4.70e-08
2.85e+01		1.91e-09
2.90e+01		2.92e-08
2.95e+01		1.31e-07
3.00e+01		1.75e-08
3.05e+01		1.25e-07
3.10e+01		1.81e-07
3.15e+01		7.07e-09
3.20e+01		1.17e-07
3.25e+01		1.94e-07
3.30e+01		5.78e-08
3.35e+01		2.10e-07
3.40e+01		8.04e-08
3.45e+01		1.80e-07
3.50e+01		1.38e-07
3.55e+01		1.74e-07
3.60e+01		1.14e-07
3.65e+01		6.84e-08
3.70e+01		1.43e-07
3.75e+01		3.93e-08
3.80e+01		6.30e-08
3.85e+01		7.42e-08
3.90e+01		4.62e-08
3.95e+01		3.39e-08
4.00e+01		1.60e-08
4.05e+01		7.07e-09
4.10e+01		1.96e-08
4.15e+01		1.44e-08
4.20e+01		4.41e-09
4.25e+01		6.40e-09
4.30e+01		1.11e-08
4.35e+01		2.48e-08
4.40e+01		1.28e-08
4.45e+01		5.24e-09
4.50e+01		4.36e-08
4.55e+01		3.68e-08
4.60e+01		2.95e-09
4.65e+01		6.07e-09
4.70e+01		3.72e-08
4.75e+01		9.62e-08
4.80e+01		1.71e-08
4.85e+01		2.59e-08
4.90e+01		3.97e-08
4.95e+01		6.20e-08
5.00e+01		8.76e-08
5.05e+01		4.17e-08
5.10e+01		6.53e-08
5.15e+01		6.56e-08
5.20e+01		3.13e-08
5.25e+01		3.72e-08
5.30e+01		1.17e-07
5.35e+01		3.70e-08
5.40e+01		9.85e-08
5.45e+01		4.39e-08
5.50e+01		3.53e-08
5.55e+01		3.55e-08
5.60e+01		3.01e-08
5.65e+01		4.16e-08
5.70e+01		1.94e-08
5.75e+01		2.45e-08
5.80e+01		4.32e-08
5.85e+01		4.27e-09
5.90e+01		3.30e-08
5.95e+01		4.59e-09
6.00e+01		9.58e-09
6.05e+01		1.60e-08
6.10e+01		2.59e-09
6.15e+01		1.25e-08
6.20e+01		1.76e-08
6.25e+01		7.50e-09
6.30e+01		1.32e-08
6.35e+01		1.64e-08
6.40e+01		1.23e-08
6.45e+01		1.84e-08
6.50e+01		2.04e-08
6.55e+01		3.94e-08
6.60e+01		4.41e-08
6.65e+01		2.17e-08
6.70e+01		5.84e-08
6.75e+01		1.26e-08
6.80e+01		5.06e-08
6.85e+01		8.04e-09
6.90e+01		5.83e-08
6.95e+01		1.13e-08
7.00e+01		5.47e-08
7.05e+01		4.12e-09
7.10e+01		5.04e-08
7.15e+01		1.46e-08
7.20e+01		9.90e-09
7.25e+01		3.29e-08
7.30e+01		1.84e-08
7.35e+01		2.23e-08
7.40e+01		1.70e-08
7.45e+01		5.38e-09
7.50e+01		1.08e-08
7.55e+01		1.22e-08
7.60e+01		7.57e-09
7.65e+01		8.27e-09
7.70e+01		4.29e-09
7.75e+01		1.32e-08
7.80e+01		2.01e-08
7.85e+01		1.01e-08
7.90e+01		7.62e-09
7.95e+01		5.76e-09
8.00e+01		3.99e-09
8.05e+01		6.02e-09
8.10e+01		5.59e-09
8.15e+01		2.91e-09
8.20e+01		1.12e-08
8.25e+01		6.82e-09
8.30e+01		1.70e-08
8.35e+01		3.73e-08
8.40e+01		1.32e-08
8.45e+01		3.99e-08
8.50e+01		2.67e-08
8.55e+01		4.10e-09
8.60e+01		7.15e-10
8.65e+01		9.03e-10
8.70e+01		1.26e-09
8.75e+01		1.24e-09
8.80e+01		3.78e-09
8.85e+01		7.84e-08
8.90e+01		2.50e-08
8.95e+01		5.48e-10
9.00e+01		1.49e-09
9.05e+01		1.25e-09
9.10e+01		1.30e-09
9.15e+01		8.78e-10
9.20e+01		1.05e-08
9.25e+01		4.00e-08
9.30e+01		7.97e-09
9.35e+01		2.03e-09
9.40e+01		3.12e-09
9.45e+01		2.15e-09
9.50e+01		1.71e-09
9.55e+01		4.20e-09
9.60e+01		6.96e-09
9.65e+01		1.29e-09
9.70e+01		2.13e-09
9.75e+01		5.38e-09
9.80e+01		1.34e-08
9.85e+01		1.13e-09
9.90e+01		5.92e-09
9.95e+01		1.96e-09
1.00e+02		5.36e-09
1.01e+02		8.06e-09
1.01e+02		9.49e-09
1.02e+02		7.09e-09
1.02e+02		1.39e-08
1.03e+02		1.01e-08
1.03e+02		9.32e-09
1.04e+02		4.73e-09
1.04e+02		8.22e-09
1.05e+02		1.59e-08
1.05e+02		1.33e-08
1.06e+02		1.02e-08
1.06e+02		9.64e-09
1.07e+02		1.02e-08
1.07e+02		9.65e-09
1.08e+02		1.00e-08
1.08e+02		1.08e-08
1.09e+02		1.14e-08
1.09e+02		1.26e-08
1.10e+02		1.37e-08
1.10e+02		1.17e-08
1.11e+02		1.05e-08
1.11e+02		9.66e-09
1.12e+02		9.43e-09
1.12e+02		9.23e-09
1.13e+02		9.78e-09
1.13e+02		1.02e-08
1.14e+02		9.78e-09
1.14e+02		1.06e-08
1.15e+02		1.07e-08
1.15e+02		1.10e-08
1.16e+02		1.18e-08
1.16e+02		1.14e-08
1.17e+02		1.23e-08
1.17e+02		1.30e-08
1.18e+02		1.35e-08
1.18e+02		1.31e-08
1.19e+02		1.24e-08
1.19e+02		1.12e-08
1.20e+02		1.11e-08
1.20e+02		1.16e-08
1.21e+02		1.12e-08
1.21e+02		1.09e-08
1.22e+02		1.09e-08
1.22e+02		1.08e-08
1.23e+02		1.08e-08
1.23e+02		1.01e-08
1.24e+02		1.06e-08
1.24e+02		1.03e-08
1.25e+02		1.02e-08
1.25e+02		1.04e-08
1.26e+02		1.01e-08
1.26e+02		1.08e-08
1.27e+02		9.60e-09
1.27e+02		1.02e-08
1.28e+02		1.13e-08
1.28e+02		1.17e-08
1.29e+02		1.14e-08
1.29e+02		1.07e-08
1.30e+02		1.04e-08
1.30e+02		1.11e-08
1.31e+02		1.02e-08
1.31e+02		9.35e-09
1.32e+02		1.03e-08
1.32e+02		1.08e-08
1.33e+02		1.04e-08
1.33e+02		9.94e-09
1.34e+02		1.05e-08
1.34e+02		1.03e-08
1.35e+02		9.70e-09
1.35e+02		1.01e-08
1.36e+02		9.34e-09
1.36e+02		1.05e-08
1.37e+02		9.97e-09
1.37e+02		1.01e-08
1.38e+02		1.13e-08
1.38e+02		1.11e-08
1.39e+02		1.15e-08
1.39e+02		1.21e-08
1.40e+02		1.25e-08
1.40e+02		1.30e-08
1.41e+02		1.14e-08
1.41e+02		1.07e-08
1.42e+02		1.14e-08
1.42e+02		1.16e-08
1.43e+02		1.16e-08
1.43e+02		1.06e-08
1.44e+02		1.13e-08
1.44e+02		1.11e-08
1.45e+02		1.10e-08
1.45e+02		1.10e-08
1.46e+02		1.22e-08
1.46e+02		1.27e-08
1.47e+02		1.18e-08
1.47e+02		1.25e-08
1.48e+02		1.16e-08
1.48e+02		9.95e-09
1.49e+02		9.85e-09
1.49e+02		9.75e-09
1.50e+02		9.30e-09
1.50e+02		8.95e-09
